# stream_list.dat
# running stream_list on visgs17.visus.uni-stuttgart.de (Intel(R) Core(TM) i7-2600 CPU @ 3.40GHz) starting at 25.05.2016 19:17:21
# bintype #PE	bmtype	N	nrepeat	scalarsize	Datasize	IOsize	overall_time	time_avg	time_iter	FLOPs	Bandwidth
ref 1	---T	1	1000000000	1	1	8	32	40		1.12132		1.12132e-09	1.12132e-09		1.78362e+09	3.56724e+10
maxerror=0
ref 1	---T	2	1000000000	1	2	8	64	80		2.34977		2.34977e-09	1.17489e-09		1.70229e+09	3.40458e+10
maxerror=0
ref 1	---T	3	1000000000	1	3	8	96	120		3.82142		3.82142e-09	1.27381e-09		1.5701e+09	3.1402e+10
maxerror=0
ref 1	---T	4	1000000000	1	4	8	128	160		5.24306		5.24306e-09	1.31076e-09		1.52583e+09	3.05166e+10
maxerror=0
ref 1	---T	5	1000000000	1	5	8	160	200		6.64602		6.64602e-09	1.3292e-09		1.50466e+09	3.00932e+10
maxerror=0
ref 1	---T	6	1000000000	1	6	8	192	240		8.17956		8.17956e-09	1.36326e-09		1.46707e+09	2.93414e+10
maxerror=0
ref 1	---T	7	1000000000	1	7	8	224	280		10.1068		1.01068e-08	1.44383e-09		1.3852e+09	2.7704e+10
maxerror=0
ref 1	---T	8	1000000000	1	8	8	256	320		11.4601		1.14601e-08	1.43252e-09		1.39614e+09	2.79229e+10
maxerror=0
ref 1	---T	9	1000000000	1	9	8	288	360		13.0984		1.30984e-08	1.45538e-09		1.37421e+09	2.74842e+10
maxerror=0
ref 1	---T	10	100000000	1	10	8	320	400		1.54714		1.54714e-08	1.54714e-09		1.29271e+09	2.58541e+10
maxerror=0
ref 1	---T	20	100000000	1	20	8	640	800		3.2389		3.2389e-08	1.61945e-09		1.23499e+09	2.46997e+10
maxerror=0
ref 1	---T	30	100000000	1	30	8	960	1200		4.90469		4.90469e-08	1.6349e-09		1.22332e+09	2.44664e+10
maxerror=0
ref 1	---T	40	100000000	1	40	8	1280	1600		8.41191		8.41191e-08	2.10298e-09		9.51033e+08	1.90207e+10
maxerror=0
ref 1	---T	50	100000000	1	50	8	1600	2000		10.2328		1.02328e-07	2.04656e-09		9.77247e+08	1.95449e+10
maxerror=0
ref 1	---T	60	100000000	1	60	8	1920	2400		12.5752		1.25752e-07	2.09586e-09		9.54261e+08	1.90852e+10
maxerror=0
ref 1	---T	70	100000000	1	70	8	2240	2800		14.2257		1.42257e-07	2.03225e-09		9.84133e+08	1.96827e+10
maxerror=0
ref 1	---T	80	100000000	1	80	8	2560	3200		16.8458		1.68458e-07	2.10573e-09		9.4979e+08	1.89958e+10
maxerror=0
ref 1	---T	90	100000000	1	90	8	2880	3600		18.5641		1.85641e-07	2.06268e-09		9.69611e+08	1.93922e+10
maxerror=0
ref 1	---T	100	10000000	1	100	8	3200	4000		2.15765		2.15765e-07	2.15765e-09		9.26934e+08	1.85387e+10
maxerror=0
ref 1	---T	200	10000000	1	200	8	6400	8000		4.39714		4.39714e-07	2.19857e-09		9.09683e+08	1.81937e+10
maxerror=0
ref 1	---T	300	10000000	1	300	8	9600	12000		6.64074		6.64074e-07	2.21358e-09		9.03514e+08	1.80703e+10
maxerror=0
ref 1	---T	400	10000000	1	400	8	12800	16000		8.99101		8.99101e-07	2.24775e-09		8.89778e+08	1.77956e+10
maxerror=0
ref 1	---T	500	10000000	1	500	8	16000	20000		11.0965		1.10965e-06	2.2193e-09		9.01184e+08	1.80237e+10
maxerror=0
ref 1	---T	600	10000000	1	600	8	19200	24000		11.8699		1.18699e-06	1.97832e-09		1.01096e+09	2.02192e+10
maxerror=0
ref 1	---T	700	10000000	1	700	8	22400	28000		13.8689		1.38689e-06	1.98127e-09		1.00946e+09	2.01891e+10
maxerror=0
ref 1	---T	800	10000000	1	800	8	25600	32000		15.7496		1.57496e-06	1.9687e-09		1.0159e+09	2.0318e+10
maxerror=0
ref 1	---T	900	10000000	1	900	8	28800	36000		17.6647		1.76647e-06	1.96275e-09		1.01898e+09	2.03796e+10
maxerror=0
ref 1	---T	1000	1000000	1	1000	8	32000	40000		2.01271		2.01271e-06	2.01271e-09		9.93686e+08	1.98737e+10
maxerror=0
ref 1	---T	2000	1000000	1	2000	8	64000	80000		3.95826		3.95826e-06	1.97913e-09		1.01054e+09	2.02109e+10
maxerror=0
ref 1	---T	3000	1000000	1	3000	8	96000	120000		5.93891		5.93891e-06	1.97964e-09		1.01029e+09	2.02057e+10
maxerror=0
ref 1	---T	4000	1000000	1	4000	8	128000	160000		7.80846		7.80846e-06	1.95212e-09		1.02453e+09	2.04906e+10
maxerror=0
ref 1	---T	5000	1000000	1	5000	8	160000	200000		9.94079		9.94079e-06	1.98816e-09		1.00596e+09	2.01191e+10
maxerror=0
ref 1	---T	6000	1000000	1	6000	8	192000	240000		12.032		1.2032e-05	2.00533e-09		9.97342e+08	1.99468e+10
maxerror=0
ref 1	---T	7000	1000000	1	7000	8	224000	280000		14.2587		1.42587e-05	2.03696e-09		9.81858e+08	1.96372e+10
maxerror=0
ref 1	---T	8000	1000000	1	8000	8	256000	320000		16.6885		1.66885e-05	2.08606e-09		9.58745e+08	1.91749e+10
maxerror=0
ref 1	---T	9000	1000000	1	9000	8	288000	360000		22.9572		2.29572e-05	2.5508e-09		7.84068e+08	1.56814e+10
maxerror=0
ref 1	---T	10000	100000	1	10000	8	320000	400000		2.60179		2.60179e-05	2.60179e-09		7.68701e+08	1.5374e+10
maxerror=0
ref 1	---T	20000	100000	1	20000	8	640000	800000		5.12649		5.12649e-05	2.56325e-09		7.80261e+08	1.56052e+10
maxerror=0
ref 1	---T	30000	100000	1	30000	8	960000	1200000		7.62988		7.62988e-05	2.5433e-09		7.86381e+08	1.57276e+10
maxerror=0
ref 1	---T	40000	100000	1	40000	8	1280000	1600000		10.097		0.00010097	2.52426e-09		7.92313e+08	1.58463e+10
maxerror=0
ref 1	---T	50000	100000	1	50000	8	1600000	2000000		12.8032		0.000128032	2.56064e-09		7.81054e+08	1.56211e+10
maxerror=0
ref 1	---T	60000	100000	1	60000	8	1920000	2400000		15.3081		0.000153081	2.55136e-09		7.83896e+08	1.56779e+10
maxerror=0
ref 1	---T	70000	100000	1	70000	8	2240000	2800000		17.8519		0.000178519	2.55027e-09		7.84231e+08	1.56846e+10
maxerror=0
ref 1	---T	80000	100000	1	80000	8	2560000	3200000		20.5098		0.000205098	2.56372e-09		7.80116e+08	1.56023e+10
maxerror=0
ref 1	---T	90000	100000	1	90000	8	2880000	3600000		23.8077		0.000238077	2.6453e-09		7.56059e+08	1.51212e+10
maxerror=0
ref 1	---T	100000	10000	1	100000	8	3200000	4000000		2.75937		0.000275937	2.75937e-09		7.24803e+08	1.44961e+10
maxerror=0
ref 1	---T	200000	10000	1	200000	8	6400000	8000000		8.70514		0.000870514	4.35257e-09		4.59498e+08	9.18997e+09
maxerror=0
ref 1	---T	300000	10000	1	300000	8	9600000	12000000		14.0931		0.00140931	4.6977e-09		4.2574e+08	8.5148e+09
maxerror=0
ref 1	---T	400000	10000	1	400000	8	12800000	16000000		18.8452		0.00188452	4.71131e-09		4.24511e+08	8.49021e+09
maxerror=0
ref 1	---T	500000	10000	1	500000	8	16000000	20000000		23.6353		0.00236353	4.72706e-09		4.23096e+08	8.46191e+09
maxerror=0
ref 1	---T	600000	10000	1	600000	8	19200000	24000000		28.3853		0.00283853	4.73088e-09		4.22755e+08	8.45509e+09
maxerror=0
ref 1	---T	700000	10000	1	700000	8	22400000	28000000		33.0734		0.00330734	4.72477e-09		4.23301e+08	8.46602e+09
maxerror=0
ref 1	---T	800000	10000	1	800000	8	25600000	32000000		37.7785		0.00377785	4.72232e-09		4.23521e+08	8.47042e+09
maxerror=0
ref 1	---T	900000	10000	1	900000	8	28800000	36000000		42.5339		0.00425339	4.72599e-09		4.23192e+08	8.46384e+09
maxerror=0
ref 1	---T	1000000	1000	1	1000000	8	32000000	40000000		4.73024		0.00473024	4.73024e-09		4.22812e+08	8.45623e+09
maxerror=0
ref 1	---T	2000000	1000	1	2000000	8	64000000	80000000		9.43487		0.00943487	4.71743e-09		4.23959e+08	8.47919e+09
maxerror=0
ref 1	---T	3000000	1000	1	3000000	8	96000000	120000000		14.1485		0.0141485	4.71618e-09		4.24072e+08	8.48144e+09
maxerror=0
ref 1	---T	4000000	1000	1	4000000	8	128000000	160000000		18.8689		0.0188689	4.71722e-09		4.23979e+08	8.47958e+09
maxerror=0
ref 1	---T	5000000	1000	1	5000000	8	160000000	200000000		23.5706		0.0235706	4.71413e-09		4.24257e+08	8.48513e+09
maxerror=0
ref 1	---T	6000000	1000	1	6000000	8	192000000	240000000		28.2495		0.0282495	4.70825e-09		4.24787e+08	8.49573e+09
maxerror=0
ref 1	---T	7000000	1000	1	7000000	8	224000000	280000000		33.0346		0.0330346	4.71924e-09		4.23797e+08	8.47595e+09
maxerror=0
ref 1	---T	8000000	1000	1	8000000	8	256000000	320000000		37.8042		0.0378042	4.72553e-09		4.23233e+08	8.46467e+09
maxerror=0
ref 1	---T	9000000	1000	1	9000000	8	288000000	360000000		42.4788		0.0424788	4.71987e-09		4.2374e+08	8.47481e+09
maxerror=0
# finished at 25.05.2016 19:32:02
