# /home/zornch/stream_1.dat
# /home/zornch/stream_1 (size: 22160 mod.:2020-05-27 12:26:17.042905000 +0200)
# running /home/zornch/stream_1 on visgs03.visus.uni-stuttgart.de (Intel Core i5-9600K CPU @ 3.70GHz)
# starting at 27.05.2020 12:36:23
# #PE (repetitions)	runtime(median,mean,min,max)
1 (25)	1.520e-07 1.416e-07 6.800e-08 2.810e-07	13157894.73684210526315789473
2 (25)	6.300e-08 6.364e-08 5.900e-08 7.000e-08	63492063.49206349206349206349
3 (25)	7.000e-08 7.056e-08 6.000e-08 7.800e-08	85714285.71428571428571428571
4 (25)	5.60e-08 5.72e-08 4.70e-08 7.10e-08	142857142.85714285714285714285
5 (25)	5.90e-08 5.98e-08 5.10e-08 7.20e-08	169491525.42372881355932203389
6 (25)	6.100e-08 6.332e-08 5.500e-08 9.000e-08	196721311.47540983606557377049
7 (25)	5.200e-08 5.392e-08 4.700e-08 7.000e-08	269230769.23076923076923076923
8 (25)	6.500e-08 6.488e-08 6.000e-08 8.000e-08	246153846.15384615384615384615
9 (25)	6.400e-08 6.492e-08 6.000e-08 7.600e-08	281250000.00000000000000000000
10 (25)	6.600e-08 6.724e-08 5.900e-08 9.600e-08	303030303.03030303030303030303
20 (25)	7.60e-08 7.68e-08 7.00e-08 8.40e-08	526315789.47368421052631578947
30 (25)	7.90e-08 8.02e-08 7.30e-08 9.60e-08	759493670.88607594936708860759
40 (25)	8.000e-08 8.024e-08 7.400e-08 8.700e-08	1000000000.00000000000000000000
50 (25)	8.000e-08 8.168e-08 7.300e-08 9.600e-08	1250000000.00000000000000000000
60 (25)	8.50e-08 8.48e-08 7.60e-08 9.40e-08	1411764705.88235294117647058823
70 (25)	8.400e-08 8.868e-08 7.600e-08 1.590e-07	1666666666.66666666666666666666
80 (25)	8.600e-08 8.528e-08 7.600e-08 9.700e-08	1860465116.27906976744186046511
90 (25)	9.400e-08 9.324e-08 7.900e-08 1.310e-07	1914893617.02127659574468085106
100 (25)	9.000e-08 9.348e-08 8.300e-08 1.110e-07	2222222222.22222222222222222222
200 (25)	1.040e-07 1.054e-07 9.400e-08 1.250e-07	3846153846.15384615384615384615
300 (25)	1.500e-07 1.526e-07 1.350e-07 1.810e-07	4000000000.00000000000000000000
400 (25)	1.95e-07 1.93e-07 1.72e-07 2.23e-07	4102564102.56410256410256410256
500 (25)	2.500e-07 2.527e-07 2.310e-07 2.780e-07	4000000000.00000000000000000000
600 (25)	2.74e-07 2.71e-07 2.46e-07 3.04e-07	4379562043.79562043795620437956
700 (25)	3.220e-07 3.256e-07 3.070e-07 3.510e-07	4347826086.95652173913043478260
800 (25)	3.660e-07 3.637e-07 3.380e-07 3.850e-07	4371584699.45355191256830601092
900 (25)	4.210e-07 4.173e-07 3.730e-07 4.470e-07	4275534441.80522565320665083135
1000 (25)	4.700e-07 4.767e-07 4.580e-07 5.110e-07	4255319148.93617021276595744680
2000 (25)	8.660e-07 8.654e-07 8.220e-07 9.300e-07	4618937644.34180138568129330254
3000 (25)	1.082e-06 1.081e-06 1.016e-06 1.156e-06	5545286506.46950092421441774491
4000 (25)	1.355e-06 1.347e-06 1.266e-06 1.467e-06	5904059040.59040590405904059040
5000 (25)	1.721e-06 1.928e-06 1.622e-06 6.750e-06	5810575246.94944799535153980244
6000 (25)	2.132e-06 2.115e-06 1.933e-06 2.273e-06	5628517823.63977485928705440900
7000 (25)	2.614e-06 2.606e-06 2.339e-06 2.750e-06	5355776587.60520275439938791124
8000 (25)	3.147e-06 3.128e-06 2.956e-06 3.298e-06	5084207181.44264378773435017476
9000 (25)	3.647e-06 3.651e-06 3.450e-06 3.887e-06	4935563476.83027145599122566493
10000 (25)	4.242e-06 4.244e-06 3.953e-06 4.469e-06	4714757190.00471475719000471475
20000 (25)	1.056e-05 1.129e-05 1.048e-05 2.344e-05	3787878787.87878787878787878787
30000 (25)	1.577e-05 1.936e-05 1.549e-05 5.270e-05	3804692454.02663284717818642993
40000 (25)	2.167e-05 2.173e-05 2.132e-05 2.309e-05	3691739732.34886940470696815874
50000 (25)	2.755e-05 2.816e-05 2.700e-05 4.096e-05	3629764065.33575317604355716878
60000 (25)	3.385e-05 3.643e-05 3.278e-05 6.640e-05	3545051698.67060561299852289512
70000 (25)	3.952e-05 4.209e-05 3.846e-05 8.237e-05	3542510121.45748987854251012145
80000 (25)	4.481e-05 4.555e-05 4.396e-05 5.801e-05	3570631555.45637134568176746261
90000 (25)	5.271e-05 5.339e-05 5.147e-05 6.630e-05	3414911781.44564598747865680136
100000 (25)	5.937e-05 5.964e-05 5.801e-05 6.521e-05	3368704733.03014990736061984167
200000 (25)	0.0001408 0.0001496 0.0001391 0.0001875	2840909090.90909090909090909090
300000 (25)	0.0002450 0.0002615 0.0002410 0.0003122	2448979591.83673469387755102040
400000 (25)	0.0003784 0.0003880 0.0003650 0.0004310	2114164904.86257928118393234672
500000 (25)	0.0005446 0.0005306 0.0005032 0.0005556	1836210062.43114212265883217040
600000 (25)	0.0006480 0.0006718 0.0006410 0.0007660	1851851851.85185185185185185185
700000 (25)	0.0008254 0.0008204 0.0007766 0.0008810	1696147322.51029803731524109522
800000 (25)	0.0009652 0.0009606 0.0009205 0.0010223	1657687525.90136759220886862826
900000 (25)	0.001095 0.001092 0.001063 0.001137	1643835616.43835616438356164383
1000000 (25)	0.001217 0.001234 0.001198 0.001309	1643385373.87017255546425636811
2000000 (25)	0.002592 0.002613 0.002577 0.002723	1543209876.54320987654320987654
3000000 (25)	0.003931 0.003936 0.003918 0.003973	1526329178.32612566776901551767
4000000 (25)	0.005275 0.005303 0.005267 0.005639	1516587677.72511848341232227488
5000000 (25)	0.006620 0.006623 0.006606 0.006665	1510574018.12688821752265861027
6000000 (25)	0.007972 0.007982 0.007921 0.008233	1505268439.53838434520822880080
7000000 (25)	0.009357 0.009373 0.009300 0.009659	1496206048.94731217270492679277
8000000 (25)	0.01067 0.01068 0.01062 0.01118	1499531396.43861293345829428303
9000000 (25)	0.01202 0.01206 0.01196 0.01261	1497504159.73377703826955074875
# finished at 27.05.2020 12:36:48
# running for 25 sec (0:00:25)
