# /home/zornch/stream_4.dat
# /home/zornch/stream_4 (size: 22160 mod.:2020-05-27 12:25:54.836742000 +0200)
# running /home/zornch/stream_4 on visgs03.visus.uni-stuttgart.de (Intel Core i5-9600K CPU @ 3.70GHz)
# starting at 27.05.2020 12:33:58
# #PE (repetitions)	runtime(median,mean,min,max)
1 (25)	1.610e-07 1.895e-07 6.800e-08 4.220e-07	12422360.24844720496894409937
2 (25)	6.800e-08 6.684e-08 5.700e-08 8.400e-08	58823529.41176470588235294117
3 (25)	7.300e-08 7.404e-08 6.500e-08 1.010e-07	82191780.82191780821917808219
4 (25)	7.600e-08 7.708e-08 6.900e-08 8.700e-08	105263157.89473684210526315789
5 (25)	6.500e-08 6.556e-08 5.600e-08 7.900e-08	153846153.84615384615384615384
6 (25)	6.500e-08 5.922e-07 5.100e-08 1.320e-05	184615384.61538461538461538461
7 (25)	6.900e-08 7.528e-08 5.700e-08 1.870e-07	202898550.72463768115942028985
8 (25)	6.100e-08 6.052e-08 5.100e-08 7.400e-08	262295081.96721311475409836065
9 (25)	7.60e-08 8.62e-08 6.70e-08 1.64e-07	236842105.26315789473684210526
10 (25)	8.100e-08 8.124e-08 6.900e-08 9.600e-08	246913580.24691358024691358024
20 (25)	8.100e-08 8.112e-08 7.100e-08 9.500e-08	493827160.49382716049382716049
30 (25)	1.040e-07 1.044e-07 9.100e-08 1.230e-07	576923076.92307692307692307692
40 (25)	1.040e-07 1.069e-07 9.200e-08 1.780e-07	769230769.23076923076923076923
50 (25)	1.250e-07 1.271e-07 1.180e-07 1.640e-07	800000000.00000000000000000000
60 (25)	1.280e-07 1.278e-07 1.130e-07 1.390e-07	937500000.00000000000000000000
70 (25)	1.530e-07 1.551e-07 1.400e-07 1.800e-07	915032679.73856209150326797385
80 (25)	1.570e-07 1.594e-07 1.420e-07 1.750e-07	1019108280.25477707006369426751
90 (25)	1.800e-07 1.847e-07 1.420e-07 2.600e-07	1000000000.00000000000000000000
100 (25)	2.16e-07 2.22e-07 1.84e-07 2.73e-07	925925925.92592592592592592592
200 (25)	3.790e-07 3.751e-07 3.340e-07 4.100e-07	1055408970.97625329815303430079
300 (25)	5.48e-07 5.42e-07 5.00e-07 5.67e-07	1094890510.94890510948905109489
400 (25)	7.030e-07 6.998e-07 6.660e-07 7.410e-07	1137980085.34850640113798008534
500 (25)	8.760e-07 8.752e-07 8.410e-07 9.050e-07	1141552511.41552511415525114155
600 (25)	9.240e-07 9.259e-07 8.790e-07 9.720e-07	1298701298.70129870129870129870
700 (25)	1.015e-06 1.018e-06 9.660e-07 1.073e-06	1379310344.82758620689655172413
800 (25)	1.119e-06 1.125e-06 1.069e-06 1.218e-06	1429848078.64164432529043789097
900 (25)	1.271e-06 1.297e-06 1.215e-06 1.528e-06	1416207710.46420141620771046420
1000 (25)	1.382e-06 1.425e-06 1.316e-06 1.663e-06	1447178002.89435600578871201157
2000 (25)	3.269e-06 3.264e-06 3.090e-06 3.502e-06	1223615784.64362190272254512083
3000 (25)	5.535e-06 6.203e-06 5.401e-06 1.883e-05	1084010840.10840108401084010840
4000 (25)	7.793e-06 8.186e-06 7.614e-06 1.082e-05	1026562299.49955087899396894649
5000 (25)	1.070e-05 1.086e-05 1.062e-05 1.172e-05	934579439.25233644859813084112
6000 (25)	1.257e-05 1.409e-05 1.244e-05 3.521e-05	954653937.94749403341288782816
7000 (25)	1.502e-05 1.513e-05 1.494e-05 1.655e-05	932090545.93874833555259653794
8000 (25)	1.724e-05 2.058e-05 1.709e-05 5.542e-05	928074245.93967517401392111368
9000 (25)	1.945e-05 2.277e-05 1.918e-05 6.315e-05	925449871.46529562982005141388
10000 (25)	2.132e-05 2.691e-05 2.089e-05 5.957e-05	938086303.93996247654784240150
20000 (25)	4.580e-05 5.177e-05 4.463e-05 1.104e-04	873362445.41484716157205240174
30000 (25)	7.383e-05 7.755e-05 7.239e-05 1.144e-04	812677773.26290125965054855749
40000 (25)	0.0001051 0.0001126 0.0001023 0.0001700	761179828.73453853472882968601
50000 (25)	0.0001395 0.0001444 0.0001371 0.0001804	716845878.13620071684587813620
60000 (25)	0.0001771 0.0001865 0.0001736 0.0002436	677583286.27893845285149632975
70000 (25)	0.0002188 0.0002279 0.0002139 0.0002833	639853747.71480804387568555758
80000 (25)	0.0002658 0.0002688 0.0002596 0.0003153	601956358.16403310759969902182
90000 (25)	0.0003122 0.0003258 0.0003051 0.0003716	576553491.35169762972453555413
100000 (25)	0.0003665 0.0003792 0.0003630 0.0004243	545702592.08731241473396998635
200000 (25)	0.0009283 0.0009321 0.0009180 0.0009852	430895184.74631045998060971668
300000 (25)	0.001500 0.001511 0.001487 0.001609	400000000.00000000000000000000
400000 (25)	0.002053 0.002106 0.002040 0.002478	389673648.31953239162201656113
500000 (25)	0.002642 0.002654 0.002595 0.002732	378501135.50340651021953065859
600000 (25)	0.003165 0.003198 0.003148 0.003363	379146919.43127962085308056872
700000 (25)	0.003707 0.003781 0.003695 0.004126	377663879.14755867278122471000
800000 (25)	0.004250 0.004255 0.004238 0.004339	376470588.23529411764705882352
900000 (25)	0.004807 0.004836 0.004793 0.005085	374453921.36467651341793218223
1000000 (25)	0.005333 0.005335 0.005305 0.005388	375023438.96493530845677854865
2000000 (25)	0.01077 0.01080 0.01070 0.01130	371402042.71123491179201485608
3000000 (25)	0.01618 0.01624 0.01613 0.01699	370828182.94190358467243510506
4000000 (25)	0.02155 0.02160 0.02150 0.02215	371229698.37587006960556844547
5000000 (25)	0.02699 0.02707 0.02694 0.02771	370507595.40570581696924786958
6000000 (25)	0.03238 0.03242 0.03225 0.03280	370599135.26868437306979617047
7000000 (25)	0.03811 0.03818 0.03802 0.03912	367357648.91104696929939648386
8000000 (25)	0.04317 0.04336 0.04309 0.04546	370627750.75283761871670141301
9000000 (25)	0.04854 0.04877 0.04844 0.05071	370828182.94190358467243510506
# finished at 27.05.2020 12:34:54
# running for 56 sec (0:00:56)
